46,5
46,4
46,3
46,2
46,1
46,0
0,278
37,5
37,4
37,2
37,0
0,497
0,472
37,1
37,3
45,5
45,4
45,3
45,2
45,1
45,0
26,3
41,1
41,3
35,1
35,3
32,1
32,3
44,42
44,41
44,40
44,39
44,38
44,37
44,36
44,35
3,2
3,1
3,3
10,65
10,309
10,183
10,69
10,151
10,141
10,249
10,1
10,193
10,2
10,3
11,19
11,9
11,21
11,27
11,25
11,15
11,1
11,23
11,2
11,3
9,7
9,1
9,5
9,2
9,3
8,16
8,6
8,11
8,12
8,4
8,1
8,9
8,2
8,3
12,2
12,1
12,3
20,2
20,1
20,3
19,2
19,1
19,3
18,1
18,3
21,3
21,2
21,1
21,0
7,13
7,12
7,11
7,10
7,9
7,8
7,7
7,6
2,2
7,1
2,1
7,5
2,3
7,4
6,7
6,6
6,5
6,1
6,4
4,88
4,87
4,86
4,85
4,84
4,83
4,82
4,81
4,80
4,79
4,78
4,77
